53523
53524
53525
53526
26686
26689
26687
26688
26690
26691
26693
26692
41344
26677
26677
26678
26678
26679
26679
26680
26681
40973
40973
40972
40972
26684
26685
41268
28200
27861
26320
26267
41282
31394
31389
31377
29627
28185
26310
26303
26282
26325
26269
26240
41269
26345
41683
31395
31390
29630
28188
26353
26594
41270
27862
26491
26454
41284
31391
31378
29632
28186
26481
26477
26465
26495
26455
26443
41271
28202
27864
26577
26518
41285
31396
31392
31379
29638
28187
26565
26557
26534
26584
26520
26506
41278
28192
26242
26316
41273
28201
27865
31384
26309
26307
26321
26311
26268
31381
26304
26241
26314
26318
26233
26239
26302
41279
28195
41274
31386
26399
26346
26401
26402
26395
28193
26445
26707
41275
31385
26480
26492
26478
26444
26485
26489
26476
26442
41280
28194
26508
26574
41276
28203
27867
31387
26564
26561
26578
26566
26519
31382
26558
26507
26570
26576
26556
26505
26555
41267
28204
41281
31393
31388
31376
29642
28196
41277
28197
41272
28205
27871
31383
31380
26922
26923
26924
26925
26926
26927
26928
26929
26930
26931
26932
26933
26934
26935
26936
26937
26938
26939
26940
26941
26942
26943
26944
26945
26946
26947
26948
26949
26950
26951
26952
26953
26954
26955
26956
41262
26604
26605
26606
26607
26608
26609
26610
41264
26611
26612
26613
26614
26615
26616
26617
26618
41266
26619
26620
26621
26622
26623
26624
26625
26626
26627
41265
27082
27083
27084
27085
27086
27087
41263
31421
31420
31419
31418
31417
31416
45946
45947
45948
45949
45950
45951
42848
42848
26628
26629
26630
26631
26632
26633
26634
26635
26636
26637
27089
26642
27208
26645
26648
26646
26649
26647
26650
26651
26651
26652
26652
26653
26654
26655
26656
26657
