64140
64140
62248
61345
59411
59412
58388
58386
57674
57795
57587
56016
46114
53509
53510
53511
53512
36764
36765
20216
20216
26639
21021
21022
12966
12766
27424
27424
30365
30364
30363
35206
35207
12814
12817
27728
27728
27728
12768
31648
31647
21043
46805
46806
47570
46807
46808
46809
47572
37302
39176
39177
37510
36640
36640
29949
29949
54760
54759
46114
30365
30364
30363
38205
15038
15038
15039
15039
15040
15040
15041
15042
12980
12980
12980
12980
12750
12750
12751
12751
37398
37398
37399
37399
37400
37400
47499
47452
47495
47494
47494
47500
47494
48189
48189
42226
42226
61133
61134
23486
26357
26181
30176
30172
54785
54786
28670
29596
38118
38102
41200
41196
25064
13288
48756
48757
48160
48159
42780
42773
47816
47817
31877
32881
32871
28074
28070
34023
34015
47115
47116
41195
41192
25302
32225
32215
46492
36876
36870
24608
44073
44078
44083
44088
44093
44098
44103
44108
43930
31872
25303
34553
24609
22251
35282
36866
21500
23402
15801
19263
34703
43927
43701
24885
26355
29926
33096
37245
28318
25065
31653
34701
27876
34562
37252
35295
31049
35680
27776
27890
26175
29936
33109
43921
43918
43705
26183
29930
34717
36879
31663
28339
27548
31662
32226
30181
39818
35669
32219
31656
31308
31309
31298
31119
31105
31048
31028
31031
29604
28938
29931
30859
30848
30177
28494
28490
28344
28343
28340
28341
28095
28086
27873
27852
27887
27764
27766
27333
27311
26182
26381
26359
26371
24744
24701
24700
24350
24351
23740
13291
18309
6931
6933
18310
4392
4397
4276
22156
30861
16855
27552
27547
39162
39151
35681
35673
32882
32875
33106
33100
39817
39814
38201
38196
39164
39158
37524
37520
28934
29603
43416
43418
31297
28486
28489
24886
34718
34012
34022
61136
23487
26365
30173
54787
29598
38103
41198
25068
13283
48758
48161
42774
47818
31874
32873
34016
41193
25306
32217
36871
24612
44074
44079
44084
44089
44094
44099
44104
44109
25307
34554
22252
35283
24620
21502
19265
15803
23403
36867
43931
43928
24889
26364
29927
25069
31655
33098
28322
37246
39820
35671
32220
31301
31112
31029
31032
30849
29932
30179
28087
27874
27877
27765
27767
26366
26367
24746
24704
24705
24354
24356
23742
13286
6936
12291
18303
4398
16858
18306
22157
6938
27317
4275
31657
28491
27556
39152
35675
32877
33101
39815
38198
39159
37521
28936
43414
24890
31300
28487
34013
61137
23488
26374
30174
54788
29600
38104
41199
25073
48759
48162
42775
47819
31875
32874
28072
34017
47119
41194
25310
32218
36872
24616
44075
44080
44085
44090
44095
44100
44105
44110
25311
34555
22253
35284
15800
21504
24617
23404
43926
43703
26373
24895
29928
25074
31659
24750
26376
36869
19266
34705
37248
43929
13293
39821
35672
34702
33099
31658
31293
31294
31116
31033
31030
28940
29933
30180
28492
28327
28088
27875
27878
27768
27769
27327
26375
24708
24360
24362
39160
23745
13295
18314
6940
6943
16860
4399
4394
12290
18315
22161
4277
30847
32221
24707
27559
39153
35676
32878
33102
39816
38199
37522
28937
43420
24896
28488
30175
54789
41197
48163
31873
32872
32216
24614
19268
43699
27879
25071
24892
29929
28935
36868
34704
33097
37247
28326
39819
27562
24748
24357
24358
23743
18313
22159
35674
32876
38197
43412
31303
61138
61139
61698
61699
61837
61838
60220
60221
60223
60224
55257
55258
55262
55263
59235
59236
59239
59240
58515
58516
58520
58521
58525
58526
58187
58188
58192
58193
56405
56406
56241
56242
56401
56402
56245
56246
55601
55602
55604
55605
55676
55677
6934
30186
30182
39161
39147
33108
33090
19264
54777
54778
54782
54783
28498
41210
41206
54790
54791
55266
55267
25305
4267
30187
30190
51881
51882
51885
51886
51288
51289
51256
51257
51284
51285
32212
32224
28476
28473
51010
51011
51014
51015
49886
49887
49890
49891
48248
48249
48252
48253
48760
48761
48164
48165
13289
34026
34018
48110
48111
48113
48114
42781
42776
24887
47820
47821
47454
47456
47455
47457
24888
34721
34712
8598
47120
47121
47123
47124
47127
47128
32866
41205
41201
38099
38117
26361
26185
46493
46494
46496
46495
46499
46224
46225
46226
46229
36877
36873
4403
44076
44081
44086
44091
44096
44101
44106
44111
4260
43936
25304
29941
36863
24611
37249
27771
25067
31035
35265
32869
34020
3951
15667
23481
4395
43933
43702
30837
28320
24610
31649
16857
16856
23405
27883
35665
34556
6929
35293
29943
36878
31051
31050
27853
37253
34027
26186
32880
32222
32208
27336
43919
43920
43706
30862
28342
30860
31307
29601
31661
35679
27888
34563
27778
32879
8601
35678
26362
26187
31306
31295
31120
31107
29940
29937
28075
28071
27550
27554
26360
24702
24703
6930
21025
6932
4400
4268
21189
21061
22254
21051
23741
22155
23480
27889
27880
38200
38192
35292
34719
34706
35276
34710
24352
34720
43417
43419
18312
27553
27549
3952
31660
31651
35272
61140
61700
61839
55259
58517
58522
58527
58189
56243
56247
30183
39149
54779
54792
25308
4271
30188
51883
51290
51016
13284
42778
24891
8599
47125
47129
32867
41203
46504
46227
46230
4404
37250
8602
31870
26370
6935
27557
30836
28324
24613
27884
26369
31299
23406
25070
4401
6937
34557
23483
31114
29938
24747
21060
21501
22255
27320
23482
38194
35273
34707
43415
18308
41208
32210
26368
24706
13282
18307
21050
4272
13285
24355
61141
61701
61840
60222
60225
55260
55264
59237
59241
58518
58523
58528
58190
58194
56407
56244
56403
56248
55603
55606
55678
30184
39150
33092
19267
54780
54784
54793
55268
25313
4273
30189
51884
51887
51291
51258
51286
32214
51012
51017
49888
49892
48250
48254
48763
48166
13296
34019
48112
48115
42779
24897
47822
47458
47459
24898
34713
8600
47122
47126
47130
32868
41204
38101
31652
26378
46497
46505
46228
46231
4405
36875
44077
44082
44087
44092
44097
44102
44107
44112
43935
6944
36865
24619
4259
25312
29942
37251
31871
27773
34021
3955
32870
31036
43932
43704
15668
4396
30835
28329
24618
31650
16861
18145
6939
27885
35667
34558
25076
35664
23485
26379
28475
32211
31291
31292
31118
29939
28929
27561
27330
26377
26380
25075
24751
24710
24361
23746
13294
6941
16862
8603
21017
4261
13292
4402
4274
21052
21190
21062
22257
23408
31040
24709
21503
18316
22160
23484
27881
38195
35275
34708
35278
34711
43421
18317
27560
6942
41209
61702
61841
60226
55261
55265
59238
59242
58519
58524
58529
58191
58195
56437
56404
56249
55679
30185
33091
54781
54794
55269
51259
51287
32213
28474
51013
49889
48251
48255
48762
48167
48116
6945
42777
24893
24894
34714
41202
38100
26372
32209
46498
46232
24615
36874
4257
36864
31037
27774
4258
25309
43937
43934
43700
30838
16859
35666
24359
27886
25072
24749
23744
13280
21016
21059
22256
23407
18139
13281
22158
41207
27882
38193
35274
34709
35277
43413
39960
48341
14351
51130
48342
48353
12361
59418
48343
48348
54337
48344
48349
48338
48339
48340
48345
48350
27232
27244
27252
27260
42257
42259
42258
48352
48346
48351
48311
48387
48388
48178
46902
47089
47448
47449
51477
51476
55525
55526
55527
55528
55529
55530
42849
42849
42838
42838
43024
43024
19203
19203
61604
58667
55345
50942
50941
48692
47925
47929
47928
47927
47926
47924
47923
47922
16157
15757
38943
38942
18228
18229
41440
41440
47089
46902
45681
28036
46271
12808
20216
20216
52020
52018
52018
48178
55444
21508
28441
12979
12979
12814
12817
12813
12816
12812
12815
12361
12361
51130
51130
12758
14351
14351
2100
2100
41545
41545
12761
12764
12760
12763
9834
12762
61606
61605
58663
58631
55484
55482
50834
47170
47171
46190
43100
38130
38128
35154
28111
30998
24717
18185
12818
18185
23553
23552
23552
23552
5382
48314
48260
48313
48259
10241
10236
10246
10193
10195
10197
10201
10202
10200
10204
10198
10274
10131
10273
10233
11361
11360
11363
11362
795
800
796
801
797
802
798
803
805
815
806
816
807
817
808
818
809
819
799
804
810
820
811
821
812
822
813
823
814
824
825
830
826
831
827
832
828
833
829
834
27232
27244
27252
27260
16169
16168
16160
16160
16164
10129
10130
