15061
20216
20216
27731
28553
32090
34677
33115
31371
35354
35355
36939
36956
36940
36938
38425
38205
38424
39176
39177
42847
45681
45681
47494
47494
47494
47500
49668
54760
56312
56312
58038
58038
54761
58093
58093
58040
58040
58041
58041
58039
58039
58034
58034
58035
58035
58388
58033
58033
58031
58031
58037
58037
59676
59676
59681
59681
59682
59682
54759
47452
47495
47499
48136
48137
28455
24679
64140
64252
18204
38942
38943
18228
18229
48235
48236
15609
15037
37398
37398
37399
37399
37400
37400
39059
12750
12750
12751
12751
12980
12980
15038
15038
15039
15039
15040
15040
15041
15042
12818
18185
18185
59523
59524
59525
64251
10130
10129
16168
16169
16160
16160
16164
28452
61345
4276
4397
4392
6931
15801
16855
6933
18309
13288
18310
18313
22156
22159
19263
19268
21500
24350
24357
24351
24358
23486
23402
22251
25064
23743
23740
25302
25303
26359
26371
26381
26357
27311
27562
27552
24744
24748
27764
28070
27766
28086
27876
27879
26355
24701
31105
30172
13291
24885
24892
25065
25071
34015
33100
34012
32875
31298
32871
31297
34703
34701
32219
31653
31872
35673
36870
28938
28490
35669
35282
36866
29596
30848
29931
37245
38102
37653
33096
31656
27873
37520
41196
41197
41192
42773
39151
24609
27551
27572
34553
43086
43087
43416
43701
43412
43699
29926
29929
43930
43927
43102
47817
47116
48160
48163
48757
50837
50840
28934
28935
28486
41268
41269
50556
50558
50375
50373
50379
50377
46235
24700
30177
31031
31034
31028
55471
55330
55333
55560
24608
24614
39818
39819
54786
54789
39814
38196
38197
44073
44078
44083
44088
44093
44098
44103
44108
15764
43923
43925
58290
39158
58540
35279
32215
32216
61401
61404
47360
47358
61595
61598
61134
24886
34697
34700
34722
34725
52117
52120
31109
30175
32876
31304
32872
31303
34704
31873
35674
28939
28493
35670
36868
30850
29934
37247
33097
28318
28326
4275
4398
6936
15803
16858
6938
13283
18303
18306
22157
19265
21502
24354
24356
23487
12291
23403
22252
25068
23742
25306
25307
26367
26366
26365
27317
27556
24746
27765
27767
28087
27877
26364
24704
31112
30173
13286
24889
25069
34016
33101
34013
32877
31301
32873
31300
32220
31655
31874
35675
36871
28491
35671
35283
36867
29598
30849
29932
37246
38103
37654
33098
31657
27874
37521
41198
41193
42774
39152
24620
27555
34554
43088
43414
29927
43931
43928
47818
48161
48758
50838
28936
28487
41270
50557
50374
50378
46236
24705
30179
31032
31029
55472
55331
55561
24612
39820
54787
39815
38198
44074
44079
44084
44089
44094
44099
44104
44109
43924
58291
39159
58541
35280
32217
61402
47359
61596
61136
24890
34698
34723
52118
28322
4277
4399
4394
6940
16860
15800
6943
13293
18314
18315
22161
19266
21504
24360
24362
23488
12290
23404
22253
25073
23745
25310
25311
26376
26375
26374
27327
27559
24750
27768
27769
28088
27878
26373
24707
31116
30174
13295
24895
25074
34017
33102
34014
32878
31294
32874
31293
34705
34702
32221
31659
31875
35676
36872
28940
28492
35672
35284
36869
29600
30847
29933
37248
38104
37655
33099
31658
27875
37522
41199
41194
42775
39153
24617
27558
34555
43089
43420
43703
29928
43929
43926
43104
47819
47119
48162
48759
50839
28937
28488
41271
50559
50376
50380
46237
24708
30180
31033
31030
55473
55332
55562
24616
39821
54788
39816
38199
44075
44080
44085
44090
44095
44100
44105
44110
15776
43922
58292
39160
58542
35281
32218
61403
47362
61597
61137
24896
34699
34724
52119
28072
28327
4268
4400
8601
4395
3951
6930
4267
13289
16857
15667
13287
6929
13290
12286
4260
4403
8598
6934
18311
18312
21051
21499
24352
24353
15766
15768
21061
22155
23480
23481
6932
22254
23741
25304
25305
26363
26361
26360
27314
27554
24745
27771
28071
28320
28091
27883
26362
24702
31107
30182
29941
24887
25066
34020
32212
34018
32866
32208
32869
30837
34712
34710
31651
31649
33090
35665
35276
28495
31296
35265
31869
31038
29595
34556
33093
37249
38099
37647
28928
31295
36863
37514
41206
41201
42776
39147
24611
27553
30187
43083
36873
43417
43702
27880
43936
43933
46499
46229
46496
46226
43103
47456
47457
47821
47128
47121
47124
48111
48114
48165
48249
48253
49887
49891
48761
50842
28930
28473
29937
41273
50565
51011
50383
46243
51015
51257
51285
55267
51882
51289
23405
24703
21189
21025
54778
55564
55475
55340
51886
18143
25067
24610
16856
19264
54791
54783
55602
55605
55677
56246
31035
44076
44081
44086
44091
44096
44101
44106
44111
15765
56406
38192
56242
34706
56402
58298
59240
59236
28334
58193
58545
58526
58188
58521
58516
55263
60221
55258
61406
61838
35272
61600
60224
61139
61699
31295
3952
24888
56383
56380
47222
39154
43939
39638
4257
13281
13280
4258
6945
24359
21059
22158
22256
23744
25309
26372
24749
27774
27975
27886
24893
25072
35277
37648
37517
41207
41202
42777
24615
43084
36874
43413
43700
27882
43937
43934
46498
46232
48116
48167
48251
48255
49889
48762
50844
28932
28474
41274
50566
51013
50381
51259
51287
55269
23407
21016
54781
55343
18139
16859
54794
55679
56249
31037
56437
38193
34709
56404
59242
59238
58195
58547
58529
58191
58524
58519
55265
55261
61408
61841
35274
60226
61702
31302
24894
47225
39155
43941
39639
30185
32213
32209
30838
34714
33091
35666
31041
38100
36864
4272
6937
4271
13282
13284
6935
12288
8599
4404
18307
18308
21050
24355
25308
22255
23483
23482
21060
15771
15769
21501
12287
13285
8602
4401
26370
26368
27320
27557
24747
28324
28092
27884
26369
31114
30183
24891
25070
32867
32210
30836
28496
31299
31870
31039
29597
34557
33094
37250
37518
41208
41203
42778
39149
30188
43415
46504
46230
46227
47129
47125
28931
29938
41275
50382
51016
51883
51290
23406
24706
54779
55565
55341
18141
24613
54792
56247
38194
56243
34707
58299
28336
58527
58189
58522
58517
55259
61839
35273
61601
61140
61700
56381
47223
39156
43940
4274
4402
4396
8603
6941
3955
4273
16862
15668
13296
13292
6939
13294
12289
4405
4259
8600
6944
18316
18317
21052
21503
24361
24363
15772
15774
21062
22160
23484
23485
6942
22257
23746
25312
25313
26380
26378
26377
27330
27561
24751
28329
28093
27885
26379
24709
31118
30184
29942
24897
25075
34021
32214
34019
32868
32211
32870
30835
34713
34711
31652
31650
33092
35667
35278
28497
31292
35664
31871
31040
29599
34558
33095
37251
38101
37649
28929
31291
36865
37519
41209
41204
42779
39150
24619
27560
30189
43085
36875
43421
43704
27881
43935
43932
46505
46231
46497
46228
43105
47458
47459
47822
47126
47122
47130
48112
48115
48166
48250
48254
49888
48763
49892
50843
28933
28475
29939
41276
50567
51012
50384
46244
51017
51258
51286
55268
51884
51291
23408
24710
21190
21017
54780
55566
55476
55342
51887
18145
25076
24618
16861
19267
54793
54784
55603
55606
55678
56248
31036
44077
44082
44087
44092
44097
44102
44107
44112
15775
56407
38195
56244
34708
56403
58300
59241
59237
28338
58194
58546
58528
58190
58523
58518
55264
60222
55260
61407
61840
35275
61602
60225
61141
61701
4261
24898
56384
56382
39157
43938
39640
27773
28073
47224
26184
26175
26182
26185
26186
26181
27333
27547
27336
27550
27776
27778
28074
28075
27852
27853
28342
28095
28097
27888
27887
26183
26187
31119
31120
30176
30186
29943
34023
34027
33106
32224
34022
34026
32882
32879
32222
31309
32880
30862
32881
31308
34718
34717
34721
34720
30859
30860
32226
31660
31662
31661
31877
33108
35681
35679
35293
28498
29604
28494
35678
35680
36876
31876
35295
31050
36879
28671
28670
34563
30861
33107
29936
37253
37252
38117
38118
37656
37657
29601
33109
31306
31663
36878
27890
37523
37524
41200
41210
41195
41205
42780
42781
39162
39161
31307
27549
27548
30190
34562
43090
43091
36877
43419
43706
43418
43705
27889
29930
43919
43921
43920
43918
46225
46495
46494
46224
43107
43106
47454
47455
47820
47816
47127
47120
47115
47123
48110
48113
48164
48159
48248
48252
48756
49886
49890
48760
50841
50836
29603
29602
28476
29940
41267
41272
28489
50564
50555
50385
50386
51010
50387
46234
46242
51014
51256
51284
55266
51881
51288
30181
31049
31048
54777
55563
55470
55474
55339
55329
51885
55559
54785
54790
54782
55601
55604
55676
39817
56245
38201
31051
56405
38200
56241
34719
56401
43916
58289
58297
59239
59235
28345
39164
28339
28340
28343
28344
38120
38121
46492
46493
58192
58544
58539
58525
58187
35294
58520
58515
55262
60220
55257
32225
61400
61405
61837
35292
47361
61594
61599
60223
61133
61138
61698
34715
34716
47221
39163
43917
39641
52116
28341
37829
37837
38124
38125
37830
37838
37831
37839
37832
37840
37833
37841
37834
37842
37835
37843
37836
37844
38122
38123
38913
38919
38916
38922
38918
38924
38917
38923
38915
38921
38914
38920
39615
39652
39618
39655
39619
39656
39614
39651
39716
39717
39620
39657
39617
39654
39616
39653
39695
39696
43080
43081
43078
43079
43076
43077
43074
43075
43070
43071
43068
43069
43066
43067
43064
43065
43062
43063
43060
43061
43058
43059
43056
43057
43054
43055
43052
43053
43048
43049
43642
43651
43648
43654
43644
43652
43649
43658
43643
43653
43641
43650
43645
43656
43647
43655
43646
43657
46201
46203
46202
46204
46205
46206
46207
46208
46209
46210
46211
46212
46213
46214
46215
46216
46217
46218
46220
46221
46222
46223
46946
46947
46949
46950
46951
46952
46953
46954
46955
46956
46957
46958
46959
46960
46961
46962
47660
47659
47664
47663
47647
47648
47649
47650
47651
47652
47661
47662
47657
47658
47665
47666
47655
47656
47653
47654
48329
48330
48331
48332
48646
48647
48648
48649
48650
48651
48652
48653
48654
48655
48656
48657
48658
48659
48660
48661
48662
48663
48190
48191
48192
48193
48194
48195
48196
48197
48198
48199
48200
48201
48202
48203
48204
48205
48206
48207
50917
50918
50919
50920
50923
50924
50925
50926
50927
50928
50929
50930
50931
50932
50933
50934
50935
50936
50937
50938
50897
50898
50899
50900
50901
50902
50903
50904
50905
50906
50907
50908
50909
50910
50911
50912
50913
50914
50915
50916
51736
51737
51738
51739
51740
51741
51742
51743
51744
51745
51746
51747
51748
51749
51750
51751
51752
51753
51754
51755
55371
55372
55373
55374
55375
55376
55377
55378
55379
55380
55381
55382
55383
55384
55385
55386
55387
55388
55389
55390
55488
55489
55490
55491
55492
55493
55494
55495
55496
55497
55498
55499
55500
55501
55502
55503
55504
55505
55506
55507
56417
56418
56419
56420
56421
56422
56423
56424
56425
56426
56427
56428
56429
56430
56431
56432
56433
56434
56435
56436
56465
56466
56467
56468
56469
56470
56471
56472
56473
56474
56475
56476
56477
56478
56479
56480
56481
56482
56483
56484
58325
58326
58327
58328
58329
58330
58331
58332
58333
58334
58335
58336
58337
58338
58339
58340
58341
58342
58564
58565
58566
58567
58568
58569
58570
58571
58572
58573
58574
58575
58576
58577
58578
58579
58580
58581
58582
58583
58584
58585
58586
58587
58588
58589
58590
58591
58592
58593
58594
58595
58596
58597
58598
58599
58600
58601
58602
58603
61835
61836
61410
61411
61655
61656
61608
61607
62162
62163
62164
62165
62166
62167
62168
62169
62170
62171
62172
62173
62174
62175
62176
62177
62178
62179
62180
62181
62182
62183
48341
48378
14351
53178
53182
53186
53190
53194
53198
53202
53206
53210
53214
53218
53222
53226
53230
53234
53238
53242
53246
53250
53254
53258
53262
53266
53270
60807
60811
60819
60823
39960
48379
48342
48353
12361
51130
53179
53183
53187
53191
53195
53199
53203
53207
53211
53215
53219
53223
53227
53231
53235
53239
53243
53247
53251
53255
53259
53263
53267
53271
60808
60812
60820
60824
62248
48348
48380
48343
38946
38147
53180
53184
53188
53192
53196
53200
53204
53208
53212
53216
53220
53224
53228
53232
53236
53240
53244
53248
53252
53256
53260
53264
53268
53272
59418
60809
60813
60821
60825
58386
54337
48381
48344
48349
48338
48339
48340
53181
53185
53189
53193
53197
53201
53205
53209
53213
53217
53221
53225
53229
53233
53237
53241
53245
53249
53253
53257
53261
53265
53269
53273
60810
60814
60822
60826
48382
48345
48350
27252
27260
27244
27232
42257
42259
42258
48352
48383
48346
48351
48311
48387
48388
47089
46902
48178
47448
47449
51477
51476
12770
12773
12771
12772
12775
15730
18146
22113
55525
12781
12787
12782
12783
14134
12786
15732
18147
22113
55526
12792
12796
12793
12794
12795
12798
12799
15731
18148
22113
55527
25622
25623
25624
25625
25626
26708
55528
30613
30137
29452
30406
30367
30407
55529
45945
45944
45943
45942
45941
45940
55530
55250
19203
19203
42849
42849
42838
42838
43024
43024
28645
28286
35297
37543
31079
38296
27893
39842
36904
28269
34731
32093
33117
47355
50545
46562
46558
43890
51040
51041
51042
48462
48463
48464
50570
51930
51224
55522
56273
58670
59640
47927
47926
64459
9073
9072
14794
13654
9074
9076
15739
15740
25464
18305
22250
19122
21112
47925
47929
47928
47924
47923
47922
48692
50941
50942
16219
23687
35605
50611
35606
51916
55345
55675
58667
61604
58076
48220
58382
16157
15757
12812
12815
12813
12816
12814
12817
12361
12361
21043
12967
27424
27424
42226
42226
37302
46902
48189
48189
56016
57795
57587
57674
53509
53510
53511
53512
15761
15760
51831
12766
12966
12768
12808
21022
21021
26639
29949
29949
36640
36640
36764
36765
47089
46805
46806
47570
46807
46808
46809
47572
41440
41440
47571
41149
14351
14351
12758
2100
2100
35206
35207
51130
51130
31647
31648
41545
41545
56123
59411
59412
9834
12762
12760
12763
12761
12764
12979
12979
27728
27728
27728
21508
12969
28441
24834
48178
35717
26643
26644
52018
52018
52020
55444
50834
46190
43100
47170
47171
28111
24717
30998
27775
38128
38130
35154
55482
55484
58663
58631
61606
61605
23553
23552
23552
23552
27232
27244
27252
27260
28036
46271
30363
30364
30365
37510
38946
38147
38147
46114
5382
11361
11360
11363
11362
795
796
797
798
799
800
801
802
803
804
805
806
807
808
809
815
816
817
818
819
810
811
812
813
814
820
821
822
823
824
825
826
827
828
829
830
831
832
833
834
10241
10236
10246
10195
10197
10201
10202
10200
10204
10198
10193
10233
10274
10273
10131
48313
48314
48259
48260
48347
48352
