[config]
auction_max 	=  	 4

[items]
28287	200	7200	名器帖・玄光飞魅
28288	300	7200	名器帖・海刃冰皇
28289	500	7200	名器帖・九冥朔影
28290	1000	7200	名器帖・金雾枭将
32260	1000	7200	名器帖・龙渊承影
30550	1000	7200	名器帖・烈红水玉
28573	100	7200	爱之永恒男礼盒
28574	100	7200	爱之永恒女礼盒
28542	100	7200	魔笈：狂・拳术精通兑换券
31553	100	7200	魔笈：狂・连射兑换券
31555	100	7200	魔笈：狂・飞花遁影兑换券
31561	100	7200	魔笈：狂・磐石护甲兑换券
31575	100	7200	魔笈：狂・八方剑影兑换券
31576	100	7200	仙笈：真・八方剑影兑换券
31577	100	7200	魔笈：狂・剑神无敌兑换券
31578	100	7200	仙笈：真・剑神无敌兑换券
28539	100	7200	仙笈：真・斧锤精通兑换券      
28540	100	7200	魔笈：狂・斧锤精通兑换券 
35223	100	7200	魔笈：狂・巨灵神力兑换券
35224	100	7200	仙笈：真・巨灵神力兑换券
37308	100	7200	仙笈：真玄武・破风剑灵兑换券
37309	100	7200	魔笈：狂玄武・破风剑灵兑换券
37313	100	7200	魔笈：狂磐龙・万象剑灵兑换券
39926	100	7200	归星盘礼盒
30551	100	7200	寒翎鸟兑换券
28567	100	7200	九尾狐兑换券
28568	100	7200	霸道熊猫兑换券
28569	100	7200	云海金鱼兑换券
28570	100	7200	巨钳龙虾兑换券
28571	100	7200	猛犸巨象兑换券
28572	100	7200	斑斓猛虎兑换券
31579	100	7200	混合动力自行器集装箱之券
39969	100	7200	破釜诀剑灵之券
39970	100	7200	赤龙索武侠之券
39971	100	7200	秘法之光法师之券
39972	100	7200	共舞妖精之券
39973	100	7200	千金散尽刺客之券
39974	100	7200	温润魅灵之券
39975	100	7200	众神的眷顾羽灵之券
39976	100	7200	召唤巫师之券
39977	100	7200	断空封魔矢羽芒之券
39978	100	7200	不灭战魂妖兽之券
43130	100	7200	真连击刺客之券
43131	100	7200	狂连击刺客之券
43132	100	7200	真灵爆咒巫师之券
43133	100	7200	狂灵爆咒巫师之券
43134	100	7200	真冲击术巫师之券
43135	100	7200	狂冲击术巫师之券
43136	100	7200	真放血刺客之券
43137	100	7200	狂放血刺客之券
43170	100	7200	真炎蛊妖精之券
43171	100	7200	狂炎蛊妖精之券
43172	100	7200	真寒冰护甲法师之券
43173	100	7200	狂寒冰护甲法师之券
43174	100	7200	真致命矢羽芒之券
43175	100	7200	狂致命矢羽芒之券
43176	100	7200	真千斤锤妖兽之券
43177	100	7200	狂千斤锤妖兽之券
43178	100	7200	真断岳扫武侠之券
43179	100	7200	真寒潮剑印剑灵之券
43180	100	7200	狂断岳扫武侠之券
43181	100	7200	狂寒潮剑印剑灵之券
46463	100	7200	祭月礼月仙之券
46464	100	7200	彩云障月月仙之券
46465	100	7200	神镰伐桂月仙之券
46466	100	7200	落月击月仙之券
46467	100	7200	玉嫦息月仙之券
46468	100	7200	啸月夜影之券
46469	100	7200	影噬夜影之券
46470	100	7200	影遁夜影之券
46471	100	7200	影飞绝夜影之券
46472	100	7200	贪狼刃夜影之券